891
861
317
660
843
374
220
127
706
813
323
737
804
113
757
726
784
716
808
853
150
348
466
621
166
528
255
998
271
332
562
321
220
371
948
69
700
570
103
942
465
937
16
643
93
317
198
375
162
128
47
220
92
828
882
480
557
834
345
66
193
800
123
678
861
185
955
111
387
116
133
449
989
791
359
682
398
230
336
306
377
323
71
451
695
174
636
591
677
659
290
206
706
626
602
879
223
611
499
357
501
34
929
730
383
384
325
365
356
813
598
531
968
766
951
896
753
643
387
348
632
972
905
810
285
315
30
542
858
457
27
915
701
318
461
670
190
802
368
401
708
213
222
59
405
74
972
171
346
276
553
479
25
23
39
290
625
805
425
295
92
299
872
757
724
140
356
778
573
77
1000
974
967
578
237
194
226
249
319
304
45
102
257
781
42
322
717
132
975
600
23
844
969
274
621
592
189
3
368
645
121
7
367
436
983
997
999
37
291
567
474
756
305
221
23
351
203
463
798
244
317
294
671
332
889
581
702
174
157
920
943
495
623
766
462
85
334
466
44
665
367
894
287
944
56
857
694
115
64
827
765
605
112
412
396
83
690
699
114
489
340
124
506
326
826
727
74
943
959
818
743
720
140
763
892
544
428
808
400
858
844
986
21
315
943
876
312
456
210
812
299
216
900
109
208
307
104
780
298
640
413
415
431
542
340
694
752
366
539
616
698
629
221
681
707
79
888
987
633
921
570
494
95
903
432
388
893
459
245
44
725
21
474
903
885
902
114
456
150
607
84
490
220
959
580
303
570
234
386
262
708
819
307
206
762
813
246
592
413
371
953
48
696
295
341
858
260
901
827
913
861
264
647
390
433
329
453
497
719
766
118
752
252
484
180
450
946
626
612
104
354
881
123
62
310
984
547
883
143
595
707
661
425
903
529
872
783
478
837
35
255
880
644
142
843
406
78
997
515
823
486
886
618
392
534
845
64
733
110
425
80
91
410
110
116
302
564
559
83
576
477
102
796
111
284
436
125
335
52
906
971
453
791
956
441
926
702
422
180
871
798
228
565
887
792
97
757
420
499
175
318
918
336
376
746
852
205
798
634
12
18
796
272
73
879
400
832
170
211
71
589
581
802
247
880
910
163
914
637
870
331
742
339
318
724
914
113
572
936
870
116
690
282
484
682
12
583
904
935
506
465
199
446
667
953
796
341
178
276
660
284
751
470
468
617
444
318
572
382
985
796
376
519
583
167
970
247
631
764
663
168
365
853
194
122
232
63
9
944
761
261
833
28
286
804
129
566
292
250
89
680
772
517
274
655
102
931
862
60
55
174
935
67
797
89
94
868
940
710
345
787
944
842
746
508
947
307
790
84
585
696
370
722
358
718
808
606
549
414
769
504
189
334
605
437
906
628
655
593
126
695
158
719
639
994
974
6
151
650
259
318
723
280
516
187
187
123
518
569
811
8
537
582
555
365
836
420
897
895
620
310
867
646
583
723
901
85
988
627
984
743
989
362
450
235
105
118
189
964
266
677
388
992
961
710
205
649
523
890
64
620
557
373
346
764
579
957
862
15
921
444
990
680
376
415
458
815
162
5
609
385
210
544
75
634
656
37
528
250
518
32
170
525
446
489
184
61
231
619
278
13
496
330
24
322
990
232
499
985
80
876
99
159
801
496
200
325
684
33
604
876
774
288
475
194
69
549
483
757
55
437
86
701
898
275
773
573
999
862
652
623
727
539
106
390
249
789
864
577
897
310
656
412
222
131
736
223
731
335
160
986
315
939
341
570
79
389
654
842
883
575
882
542
692
603
415
922
468
52
979
49
259
160
761
389
721
931
686
461
776
182
451
387
237
284
446
458
430
630
722
9
546
600
599
305
963
221
585
800
437
781
81
389
170
237
222
844
203
347
909
967
464
954
33
578
827
217
986
455
295
585
44
87
101
63
533
486
914
774
953
459
98
320
900
606
22
167
720
156
576
874
589
945
795
448
241
973
457
539
280
896
976
549
686
36
806
637
94
698
274
218
463
556
7
239
359
5
711
603
338
665
134
875
106
85
743
996
710
199
951
463
236
35
762
347
467
591
602
563
548
506
539
112
688
919
194
820
430
687
148
602
964
433
523
238
908
17
212
9
710
691
289
140
489
149
35
589
542
441
178
761
533
752
347
740
865
875
905
902
708
642
397
338
232
685
431
758
818
65
201
909
384
237
98
266
929
854
239
78
953
571
37
703
215
906
228
242
776
309
889
787
199
169
291
169
793
564
570
953
679
